Preview: resources/screenshots/ddssa.png
Seed: 1804289383
Lines: 20 Columns: 29
0.0000000 0.0000000 0.0000000 0.0000000 0.0000000 0.0000000 0.0000000 0.0000000 0.0000000 0.0000000 0.0000000 0.0000000 0.0000000 0.0000000 0.0000000 0.0000000 0.0000000 0.0000000 0.0000000 0.0000000 0.0000000 0.0000000 0.0000000 0.0000000 0.0000000 0.0000000 0.0000000 0.0000000 0.0000000 0.0000000 
0.0000000 0.0000000 0.0000000 0.0000000 0.0000000 0.0000000 0.0000000 0.0000000 0.0000000 0.0000000 0.0000000 0.0000000 0.0000000 0.0000000 0.0000000 0.0000000 0.0000000 0.0000000 0.0000000 0.0000000 0.0000000 0.0000000 0.0000000 0.0000000 0.0000000 0.0000000 0.0000000 0.0000000 0.0000000 0.0000000 
0.0000000 0.0000000 0.0000000 0.0000000 0.0000000 0.0000000 0.0000000 0.0000000 0.0000000 0.0000000 0.0000000 0.0000000 0.0000000 0.0000000 0.0000000 0.0000000 0.0000000 0.0000000 0.0000000 0.0000000 0.0000000 0.0000000 0.0000000 0.0000000 0.0000000 0.0000000 0.0000000 0.0000000 0.0000000 0.0000000 
0.0000000 0.0000000 0.0000000 0.0000000 0.0000000 0.0000000 0.0000000 0.0000000 0.0000000 0.0000000 0.0000000 0.0000000 0.0000000 0.0000000 0.0000000 0.0000000 0.0000000 0.0000000 0.0000000 0.0000000 0.0000000 0.0000000 0.0000000 3.773583 3.773583 0.0000000 0.0000000 0.0000000 0.0000000 0.0000000 
0.0000000 0.0000000 0.0000000 0.0000000 0.0000000 0.0000000 0.0000000 0.0000000 0.0000000 0.0000000 0.0000000 0.0000000 0.0000000 0.0000000 0.0000000 0.0000000 3.278687 3.278687 3.278687 3.278687 0.0000000 0.0000000 0.0000000 3.773583 3.773583 0.0000000 0.0000000 0.0000000 0.0000000 0.0000000 
0.0000000 0.0000000 0.0000000 0.0000000 0.0000000 0.0000000 0.0000000 0.0000000 2.597402 2.597402 2.597402 2.597402 0.0000000 0.0000000 0.0000000 0.0000000 3.278687 3.278687 3.278687 3.278687 0.0000000 0.0000000 0.0000000 3.773583 3.773583 0.0000000 0.0000000 0.0000000 0.0000000 0.0000000 
0.0000000 0.0000000 0.0000000 0.0000000 0.0000000 0.0000000 0.0000000 0.0000000 2.597402 2.597402 2.597402 2.597402 0.0000000 0.0000000 0.0000000 0.0000000 8.040593 8.040593 10.780319 10.780319 2.739726 2.739726 0.0000000 3.773583 3.773583 0.0000000 0.0000000 0.0000000 0.0000000 0.0000000 
0.0000000 0.0000000 0.0000000 0.0000000 0.0000000 0.0000000 0.0000000 0.0000000 2.597402 2.597402 2.597402 2.597402 0.0000000 0.0000000 0.0000000 0.0000000 8.040593 8.040593 10.780319 10.780319 2.739726 2.739726 0.0000000 0.0000000 0.0000000 0.0000000 0.0000000 0.0000000 0.0000000 0.0000000 
0.0000000 0.0000000 0.0000000 0.0000000 0.0000000 0.0000000 0.0000000 0.0000000 2.597402 2.597402 2.597402 2.597402 0.0000000 0.0000000 0.0000000 0.0000000 4.761903 4.761903 7.501629 7.501629 2.739726 2.739726 0.0000000 0.0000000 0.0000000 0.0000000 0.0000000 0.0000000 0.0000000 0.0000000 
0.0000000 0.0000000 0.0000000 0.0000000 0.0000000 0.0000000 10.374903 13.708236 13.708236 13.708236 3.333333 0.0000000 0.0000000 0.0000000 0.0000000 0.0000000 4.761903 4.761903 7.501629 7.501629 2.739726 2.739726 0.0000000 0.0000000 0.0000000 0.0000000 0.0000000 0.0000000 0.0000000 0.0000000 
0.0000000 0.0000000 0.0000000 0.0000000 0.0000000 0.0000000 14.541570 17.874904 28.257299 35.205486 20.663915 17.330583 6.948186 0.0000000 0.0000000 0.0000000 0.0000000 0.0000000 0.0000000 3.571428 3.571428 3.571428 3.571428 0.0000000 0.0000000 0.0000000 0.0000000 0.0000000 0.0000000 0.0000000 
0.0000000 0.0000000 0.0000000 0.0000000 0.0000000 0.0000000 35.158195 68.525444 82.753990 99.864089 64.705894 31.338649 17.110101 0.0000000 0.0000000 0.0000000 0.0000000 0.0000000 0.0000000 3.571428 3.571428 3.571428 3.571428 0.0000000 0.0000000 0.0000000 0.0000000 0.0000000 0.0000000 0.0000000 
0.0000000 0.0000000 0.0000000 0.0000000 0.0000000 6.624270 45.172294 84.914451 99.142997 113.265182 79.064979 39.322837 25.094291 4.347825 0.0000000 0.0000000 0.0000000 0.0000000 0.0000000 3.571428 3.571428 3.571428 3.571428 0.0000000 0.0000000 0.0000000 0.0000000 0.0000000 0.0000000 0.0000000 
0.0000000 0.0000000 0.0000000 0.0000000 13.715727 20.340000 48.513126 94.848777 95.361602 109.483795 88.222602 41.886940 27.658393 6.911928 0.0000000 0.0000000 0.0000000 0.0000000 0.0000000 3.571428 3.571428 3.571428 3.571428 0.0000000 0.0000000 0.0000000 0.0000000 0.0000000 0.0000000 0.0000000 
0.0000000 0.0000000 0.0000000 0.0000000 13.715727 20.340000 44.346458 100.506462 90.636894 97.810897 80.716369 37.086269 60.452873 46.654594 39.742668 27.212755 0.0000000 0.0000000 0.0000000 0.0000000 0.0000000 0.0000000 0.0000000 0.0000000 0.0000000 0.0000000 0.0000000 0.0000000 0.0000000 0.0000000 
0.0000000 0.0000000 0.0000000 0.0000000 13.715727 20.340000 23.729831 49.855941 36.140205 36.378105 39.900203 26.304006 76.994689 70.132522 63.220596 50.690685 0.0000000 0.0000000 0.0000000 0.0000000 0.0000000 0.0000000 0.0000000 0.0000000 0.0000000 0.0000000 0.0000000 0.0000000 0.0000000 0.0000000 
0.0000000 0.0000000 0.0000000 0.0000000 13.715727 13.715727 13.715727 33.466930 19.751201 22.977008 25.541109 18.319816 69.010505 65.784698 63.220596 50.690685 0.0000000 0.0000000 0.0000000 0.0000000 0.0000000 0.0000000 0.0000000 0.0000000 0.0000000 0.0000000 0.0000000 0.0000000 0.0000000 0.0000000 
0.0000000 0.0000000 0.0000000 0.0000000 0.0000000 0.0000000 0.0000000 9.824345 9.824345 13.050151 13.050151 15.755714 66.446403 63.220596 63.220596 50.690685 0.0000000 0.0000000 0.0000000 0.0000000 0.0000000 0.0000000 0.0000000 0.0000000 0.0000000 0.0000000 0.0000000 0.0000000 0.0000000 0.0000000 
0.0000000 0.0000000 0.0000000 0.0000000 0.0000000 0.0000000 0.0000000 0.0000000 0.0000000 3.225806 3.225806 3.225806 26.703733 23.477926 23.477926 23.477926 0.0000000 0.0000000 0.0000000 0.0000000 0.0000000 0.0000000 0.0000000 0.0000000 0.0000000 0.0000000 0.0000000 0.0000000 0.0000000 0.0000000 
0.0000000 0.0000000 0.0000000 0.0000000 0.0000000 0.0000000 0.0000000 0.0000000 0.0000000 0.0000000 0.0000000 0.0000000 0.0000000 0.0000000 0.0000000 0.0000000 0.0000000 0.0000000 0.0000000 0.0000000 0.0000000 0.0000000 0.0000000 0.0000000 0.0000000 0.0000000 0.0000000 0.0000000 0.0000000 0.0000000 
0.0000000 0.0000000 0.0000000 0.0000000 0.0000000 0.0000000 0.0000000 0.0000000 0.0000000 0.0000000 0.0000000 0.0000000 0.0000000 0.0000000 0.0000000 0.0000000 0.0000000 0.0000000 0.0000000 0.0000000 0.0000000 0.0000000 0.0000000 0.0000000 0.0000000 0.0000000 0.0000000 0.0000000 0.0000000 0.0000000 
