Preview: resources/screenshots/dffdfd.png
Seed: 1804289383
Lines: 20 Columns: 29
0.0000000 0.0000000 0.0000000 0.0000000 0.0000000 0.0000000 0.0000000 0.0000000 0.0000000 0.0000000 0.0000000 0.0000000 0.0000000 0.0000000 0.0000000 0.0000000 0.0000000 0.0000000 0.0000000 0.0000000 0.0000000 0.0000000 0.0000000 0.0000000 0.0000000 0.0000000 0.0000000 0.0000000 0.0000000 0.0000000 
0.0000000 0.0000000 0.0000000 0.0000000 0.0000000 0.0000000 0.0000000 0.0000000 0.0000000 0.0000000 0.0000000 0.0000000 0.0000000 0.0000000 0.0000000 0.0000000 0.0000000 0.0000000 0.0000000 0.0000000 0.0000000 0.0000000 0.0000000 0.0000000 0.0000000 0.0000000 0.0000000 0.0000000 0.0000000 0.0000000 
0.0000000 0.0000000 0.0000000 0.0000000 0.0000000 0.0000000 0.0000000 0.0000000 0.0000000 0.0000000 0.0000000 0.0000000 0.0000000 0.0000000 0.0000000 0.0000000 0.0000000 0.0000000 0.0000000 0.0000000 0.0000000 0.0000000 0.0000000 0.0000000 0.0000000 0.0000000 0.0000000 0.0000000 0.0000000 0.0000000 
0.0000000 0.0000000 0.0000000 0.0000000 0.0000000 0.0000000 0.0000000 0.0000000 0.0000000 0.0000000 0.0000000 0.0000000 0.0000000 0.0000000 0.0000000 0.0000000 0.0000000 0.0000000 0.0000000 0.0000000 0.0000000 0.0000000 0.0000000 3.773584 3.773584 0.0000000 0.0000000 0.0000000 0.0000000 0.0000000 
0.0000000 0.0000000 0.0000000 0.0000000 0.0000000 0.0000000 0.0000000 0.0000000 0.0000000 0.0000000 0.0000000 0.0000000 0.0000000 0.0000000 0.0000000 0.0000000 3.278688 3.278688 3.278688 3.278688 0.0000000 0.0000000 0.0000000 3.773584 3.773584 0.0000000 0.0000000 0.0000000 0.0000000 0.0000000 
0.0000000 0.0000000 0.0000000 0.0000000 0.0000000 0.0000000 0.0000000 0.0000000 2.597402 2.597402 2.597402 2.597402 0.0000000 0.0000000 0.0000000 0.0000000 3.278688 3.278688 3.278688 3.278688 0.0000000 0.0000000 0.0000000 3.773584 3.773584 0.0000000 0.0000000 0.0000000 0.0000000 0.0000000 
0.0000000 0.0000000 0.0000000 0.0000000 0.0000000 0.0000000 0.0000000 0.0000000 2.597402 2.597402 2.597402 2.597402 0.0000000 0.0000000 0.0000000 0.0000000 8.040593 8.040593 10.780319 10.780319 2.739726 2.739726 0.0000000 3.773584 3.773584 0.0000000 0.0000000 0.0000000 0.0000000 0.0000000 
0.0000000 0.0000000 0.0000000 0.0000000 0.0000000 0.0000000 0.0000000 0.0000000 2.597402 2.597402 2.597402 2.597402 0.0000000 0.0000000 0.0000000 0.0000000 8.040593 8.040593 10.780319 10.780319 2.739726 2.739726 0.0000000 0.0000000 0.0000000 0.0000000 0.0000000 0.0000000 0.0000000 0.0000000 
0.0000000 0.0000000 0.0000000 0.0000000 0.0000000 0.0000000 0.0000000 0.0000000 2.597402 2.597402 2.597402 2.597402 0.0000000 0.0000000 0.0000000 0.0000000 4.761904 4.761904 7.501630 7.501630 2.739726 2.739726 0.0000000 0.0000000 0.0000000 0.0000000 0.0000000 0.0000000 0.0000000 0.0000000 
0.0000000 0.0000000 0.0000000 0.0000000 0.0000000 0.0000000 10.374904 13.708237 13.708237 13.708237 3.333333 0.0000000 0.0000000 0.0000000 0.0000000 0.0000000 4.761904 4.761904 7.501630 7.501630 2.739726 2.739726 0.0000000 0.0000000 0.0000000 0.0000000 0.0000000 0.0000000 0.0000000 0.0000000 
0.0000000 0.0000000 0.0000000 0.0000000 0.0000000 0.0000000 14.541571 17.874904 28.257299 35.205486 20.663915 17.330583 6.948187 0.0000000 0.0000000 0.0000000 0.0000000 0.0000000 0.0000000 3.571428 3.571428 3.571428 3.571428 0.0000000 0.0000000 0.0000000 0.0000000 0.0000000 0.0000000 0.0000000 
0.0000000 0.0000000 0.0000000 0.0000000 0.0000000 0.0000000 35.158195 68.525444 82.753990 99.864089 64.705894 31.338649 17.110101 0.0000000 0.0000000 0.0000000 0.0000000 0.0000000 0.0000000 3.571428 3.571428 3.571428 3.571428 0.0000000 0.0000000 0.0000000 0.0000000 0.0000000 0.0000000 0.0000000 
0.0000000 0.0000000 0.0000000 0.0000000 0.0000000 6.624271 45.172294 84.914451 99.142997 113.265182 79.064979 39.322837 25.094291 4.347825 0.0000000 0.0000000 0.0000000 0.0000000 0.0000000 3.571428 3.571428 3.571428 3.571428 0.0000000 0.0000000 0.0000000 0.0000000 0.0000000 0.0000000 0.0000000 
0.0000000 0.0000000 0.0000000 0.0000000 13.715728 20.340000 48.513126 94.848777 95.361602 109.483795 88.222602 41.886940 27.658393 6.911928 0.0000000 0.0000000 0.0000000 0.0000000 0.0000000 3.571428 3.571428 3.571428 3.571428 0.0000000 0.0000000 0.0000000 0.0000000 0.0000000 0.0000000 0.0000000 
0.0000000 0.0000000 0.0000000 0.0000000 13.715728 20.340000 44.346458 100.506462 90.636894 97.810897 80.716369 24.556360 20.710206 6.911928 0.0000000 0.0000000 0.0000000 0.0000000 0.0000000 0.0000000 0.0000000 0.0000000 0.0000000 0.0000000 0.0000000 0.0000000 0.0000000 0.0000000 0.0000000 0.0000000 
0.0000000 0.0000000 0.0000000 0.0000000 13.715728 20.340000 23.729831 49.855941 36.140205 36.378105 39.900203 13.774098 13.774098 6.911928 0.0000000 0.0000000 0.0000000 0.0000000 0.0000000 0.0000000 0.0000000 0.0000000 0.0000000 0.0000000 0.0000000 0.0000000 0.0000000 0.0000000 0.0000000 0.0000000 
0.0000000 0.0000000 0.0000000 0.0000000 13.715728 13.715728 13.715728 33.466930 19.751201 22.977008 25.541110 5.789909 5.789909 2.564102 0.0000000 0.0000000 0.0000000 0.0000000 0.0000000 0.0000000 0.0000000 0.0000000 0.0000000 0.0000000 0.0000000 0.0000000 0.0000000 0.0000000 0.0000000 0.0000000 
0.0000000 0.0000000 0.0000000 0.0000000 0.0000000 0.0000000 0.0000000 9.824346 9.824346 13.050152 13.050152 3.225806 3.225806 0.0000000 0.0000000 0.0000000 0.0000000 0.0000000 0.0000000 0.0000000 0.0000000 0.0000000 0.0000000 0.0000000 0.0000000 0.0000000 0.0000000 0.0000000 0.0000000 0.0000000 
0.0000000 0.0000000 0.0000000 0.0000000 0.0000000 0.0000000 0.0000000 0.0000000 0.0000000 3.225806 3.225806 3.225806 3.225806 0.0000000 0.0000000 0.0000000 0.0000000 0.0000000 0.0000000 0.0000000 0.0000000 0.0000000 0.0000000 0.0000000 0.0000000 0.0000000 0.0000000 0.0000000 0.0000000 0.0000000 
0.0000000 0.0000000 0.0000000 0.0000000 0.0000000 0.0000000 0.0000000 0.0000000 0.0000000 0.0000000 0.0000000 0.0000000 0.0000000 0.0000000 0.0000000 0.0000000 0.0000000 0.0000000 0.0000000 0.0000000 0.0000000 0.0000000 0.0000000 0.0000000 0.0000000 0.0000000 0.0000000 0.0000000 0.0000000 0.0000000 
0.0000000 0.0000000 0.0000000 0.0000000 0.0000000 0.0000000 0.0000000 0.0000000 0.0000000 0.0000000 0.0000000 0.0000000 0.0000000 0.0000000 0.0000000 0.0000000 0.0000000 0.0000000 0.0000000 0.0000000 0.0000000 0.0000000 0.0000000 0.0000000 0.0000000 0.0000000 0.0000000 0.0000000 0.0000000 0.0000000 
