Preview: resources/screenshots/tetre.png
Seed: 1804289383
Lines: 20 Columns: 20
0.215434 0.173931 0.124912 0.072733 0.021551 0.025219 0.065171 0.096880 0.119681 0.133367 0.137925 0.133367 0.119681 0.096880 0.065171 0.025220 0.021551 0.072732 0.124912 0.173930 0.215435 
0.219198 0.167221 0.110658 0.054721 0.003778 0.039227 0.072958 0.097451 0.113628 0.122691 0.125593 0.122691 0.113628 0.097451 0.072959 0.039227 0.003778 0.054722 0.110658 0.167222 0.219197 
0.219557 0.160037 0.100151 0.045769 0.001133 0.031728 0.053047 0.064842 0.070089 0.071780 0.072081 0.071780 0.070089 0.064842 0.053047 0.031729 0.001133 0.045768 0.100152 0.160036 0.219558 
0.220288 0.157009 0.098679 0.051580 0.019494 0.003124 0.000221 0.006350 0.016081 0.024324 0.027500 0.024324 0.016080 0.006350 0.000221 0.003124 0.019494 0.051581 0.098678 0.157010 0.220287 
0.224383 0.161344 0.109320 0.074772 0.060721 0.066223 0.086686 0.114950 0.142870 0.163058 0.170395 0.163057 0.142870 0.114949 0.086687 0.066222 0.060721 0.074771 0.109321 0.161344 0.224384 
0.233347 0.174072 0.132193 0.114136 0.121958 0.152876 0.199797 0.252711 0.300673 0.333937 0.345816 0.333937 0.300673 0.252711 0.199796 0.152877 0.121957 0.114137 0.132192 0.174073 0.233347 
0.246841 0.193787 0.164319 0.164680 0.195867 0.253243 0.327253 0.405131 0.473245 0.519600 0.536018 0.519600 0.473246 0.405130 0.327253 0.253242 0.195867 0.164679 0.164320 0.193787 0.246842 
0.262788 0.216950 0.200181 0.218464 0.271787 0.353813 0.452787 0.553502 0.639961 0.698198 0.718727 0.698198 0.639961 0.553503 0.452786 0.353813 0.271786 0.218465 0.200181 0.216950 0.262788 
0.277945 0.238731 0.232892 0.266153 0.337665 0.439733 0.558859 0.677918 0.779065 0.846793 0.870606 0.846793 0.779066 0.677918 0.558859 0.439732 0.337665 0.266153 0.232892 0.238730 0.277945 
0.288832 0.254242 0.255775 0.298970 0.382427 0.497571 0.629787 0.760729 0.871369 0.945226 0.971156 0.945226 0.871369 0.760729 0.629787 0.497571 0.382426 0.298970 0.255774 0.254243 0.288832 
0.292793 0.259859 0.263991 0.310663 0.398281 0.517968 0.654724 0.789777 0.903700 0.979674 0.287525 0.979674 0.903700 0.789777 0.654724 0.517968 0.398282 0.310663 0.263992 0.259858 0.292792 
0.288833 0.254242 0.255775 0.298970 0.382426 0.497571 0.629787 0.760729 0.871369 0.945226 0.971156 0.945226 0.871369 0.760729 0.629787 0.497572 0.382426 0.298970 0.255774 0.254241 0.288830 
0.277945 0.238731 0.232892 0.266152 0.337665 0.439732 0.558859 0.677918 0.779066 0.846793 0.870607 0.846793 0.779066 0.677919 0.558859 0.439732 0.337665 0.266152 0.232891 0.238729 0.277946 
0.262788 0.216950 0.200181 0.218465 0.271786 0.353813 0.452786 0.553503 0.639961 0.698198 0.718727 0.698198 0.639961 0.553503 0.452786 0.353813 0.271786 0.218463 0.200179 0.216951 0.262788 
0.246841 0.193787 0.164320 0.164679 0.195867 0.253242 0.327253 0.405130 0.473246 0.519600 0.536018 0.519600 0.473246 0.405130 0.327253 0.253242 0.195866 0.164677 0.164320 0.193787 0.246840 
0.233347 0.174072 0.132192 0.114137 0.121957 0.152877 0.199797 0.252711 0.300673 0.333938 0.345817 0.333938 0.300673 0.252712 0.199797 0.152875 0.121956 0.114137 0.132193 0.174071 0.233345 
0.224384 0.161343 0.109320 0.074771 0.060721 0.066222 0.086687 0.114949 0.142871 0.163057 0.170396 0.163057 0.142871 0.114949 0.086685 0.066221 0.060721 0.074772 0.109319 0.161342 0.224384 
0.220287 0.157010 0.098678 0.051581 0.019494 0.003124 0.000221 0.006351 0.016081 0.024324 0.027499 0.024324 0.016081 0.006349 0.000219 0.003124 0.019494 0.051579 0.098677 0.157010 0.220288 
0.219557 0.160036 0.100152 0.045768 0.001133 0.031729 0.053047 0.064842 0.070088 0.071780 0.072081 0.071780 0.070090 0.064844 0.053046 0.031728 0.001132 0.045767 0.100152 0.160037 0.219556 
0.219197 0.167222 0.110658 0.054722 0.003778 0.039227 0.072958 0.097451 0.113629 0.122690 0.125593 0.122692 0.113630 0.097451 0.072958 0.039229 0.003776 0.054722 0.110658 0.167221 0.219196 
0.215435 0.173930 0.124912 0.072732 0.021551 0.025220 0.065171 0.096880 0.119680 0.133368 0.137926 0.133370 0.119680 0.096880 0.065172 0.025221 0.021552 0.072733 0.124911 0.173929 0.215436 
